image: map_house.pgm
resolution: 0.050000
origin: [-4.777872, -6.504566, 0.0]
negate: 0
occupied_thresh: 0.65
free_thresh: 0.196
